slow scan on 5% targ
 20.000 28
 20.010 17
 20.020 23
 20.030 20
 20.040 15
 20.050 18
 20.060 22
 20.070 27
 20.080 26
 20.090 19
 20.100 15
 20.110 19
 20.120 22
 20.130 19
 20.140 18
 20.150 20
 20.160 20
 20.170 17
 20.180 15
 20.190 12
 20.200 27
 20.210 17
 20.220 24
 20.230 24
 20.240 13
 20.250 20
 20.260 14
 20.270 19
 20.280 16
 20.290 23
 20.300 21
 20.310 16
 20.320 24
 20.330 20
 20.340 14
 20.350 19
 20.360 15
 20.370 21
 20.380 14
 20.390 22
 20.400 26
 20.410 21
 20.420 23
 20.430 27
 20.440 24
 20.450 26
 20.460 20
 20.470 17
 20.480 19
 20.490 18
 20.500 16
 20.510 27
 20.520 22
 20.530 20
 20.540 17
 20.550 26
 20.560 16
 20.570 23
 20.580 12
 20.590 29
 20.600 15
 20.610 17
 20.620 21
 20.630 18
 20.640 18
 20.650 22
 20.660 28
 20.670 17
 20.680 14
 20.690 25
 20.700 21
 20.710 22
 20.720 34
 20.730 14
 20.740 13
 20.750 29
 20.760 18
 20.770 21
 20.780 22
 20.790 28
 20.800 14
 20.810 21
 20.820 24
 20.830 26
 20.840 26
 20.850 27
 20.860 24
 20.870 23
 20.880 30
 20.890 29
 20.900 32
 20.910 29
 20.920 38
 20.930 28
 20.940 34
 20.950 36
 20.960 31
 20.970 25
 20.980 20
 20.990 19
 21.000 30
 21.010 23
 21.020 34
 21.030 30
 21.040 35
 21.050 25
 21.060 31
 21.070 23
 21.080 36
 21.090 35
 21.100 28
 21.110 29
 21.120 22
 21.130 30
 21.140 25
 21.150 35
 21.160 31
 21.170 25
 21.180 28
 21.190 22
 21.200 13
 21.210 17
 21.220 30
 21.230 24
 21.240 37
 21.250 26
 21.260 26
 21.270 38
 21.280 28
 21.290 17
 21.300 19
 21.310 35
 21.320 17
 21.330 32
 21.340 14
 21.350 21
 21.360 18
 21.370 34
 21.380 22
 21.390 22
 21.400 27
 21.410 30
 21.420 24
 21.430 12
 21.440 26
 21.450 18
 21.460 22
 21.470 26
 21.480 28
 21.490 23
 21.500 23
 21.510 29
 21.520 23
 21.530 24
 21.540 24
 21.550 22
 21.560 25
 21.570 23
 21.580 25
 21.590 16
 21.600 22
 21.610 28
 21.620 19
 21.630 20
 21.640 18
 21.650 17
 21.660 19
 21.670 15
 21.680 15
 21.690 23
 21.700 19
 21.710 28
 21.720 16
 21.730 30
 21.740 17
 21.750 17
 21.760 22
 21.770 16
 21.780 14
 21.790 32
 21.800 20
 21.810 22
 21.820 15
 21.830 13
 21.840 18
 21.850 21
 21.860 21
 21.870 21
 21.880 20
 21.890 15
 21.900 19
 21.910 17
 21.920 19
 21.930 18
 21.940 23
 21.950 21
 21.960 21
 21.970 21
 21.980 11
 21.990 24
 22.000 12
 22.010 17
 22.020 16
 22.030 19
 22.040 19
 22.050 21
 22.060 18
 22.070 22
 22.080 19
 22.090 13
 22.100 22
 22.110 20
 22.120 21
 22.130 21
 22.140 22
 22.150 15
 22.160 19
 22.170 28
 22.180 22
 22.190 14
 22.200 20
 22.210 20
 22.220 16
 22.230 20
 22.240 12
 22.250 19
 22.260 17
 22.270 17
 22.280 13
 22.290 14
 22.300 15
 22.310 20
 22.320 24
 22.330 18
 22.340 16
 22.350 15
 22.360 18
 22.370 17
 22.380 18
 22.390 23
 22.400 18
 22.410 25
 22.420 18
 22.430 19
 22.440 16
 22.450 15
 22.460 24
 22.470 13
 22.480 10
 22.490 16
 22.500 21
 22.510 22
 22.520 20
 22.530 17
 22.540 22
 22.550 17
 22.560 18
 22.570 16
 22.580 21
 22.590 14
 22.600 17
 22.610 19
 22.620 17
 22.630 15
 22.640 22
 22.650 20
 22.660 19
 22.670 19
 22.680 22
 22.690 18
 22.700 22
 22.710 17
 22.720 19
 22.730 20
 22.740 18
 22.750 18
 22.760 16
 22.770 17
 22.780 19
 22.790 20
 22.800 16
 22.810 23
 22.820 15
 22.830 13
 22.840 16
 22.850 26
 22.860 25
 22.870 19
 22.880 19
 22.890 26
 22.900 21
 22.910 25
 22.920 16
 22.930 15
 22.940 18
 22.950 27
 22.960 25
 22.970 17
 22.980 23
 22.990 15
 23.000 25
 23.010 13
 23.020 17
 23.030 15
 23.040 26
 23.050 26
 23.060 31
 23.070 22
 23.080 24
 23.090 17
 23.100 20
 23.110 19
 23.120 20
 23.130 18
 23.140 20
 23.150 21
 23.160 19
 23.170 15
 23.180 14
 23.190 29
 23.200 16
 23.210 15
 23.220 27
 23.230 28
 23.240 21
 23.250 25
 23.260 22
 23.270 17
 23.280 19
 23.290 20
 23.300 22
 23.310 24
 23.320 24
 23.330 25
 23.340 23
 23.350 23
 23.360 19
 23.370 21
 23.380 15
 23.390 20
 23.400 24
 23.410 17
 23.420 22
 23.430 27
 23.440 16
 23.450 18
 23.460 24
 23.470 19
 23.480 22
 23.490 26
 23.500 23
 23.510 31
 23.520 28
 23.530 24
 23.540 27
 23.550 35
 23.560 26
 23.570 32
 23.580 27
 23.590 29
 23.600 37
 23.610 32
 23.620 32
 23.630 21
 23.640 22
 23.650 32
 23.660 25
 23.670 29
 23.680 32
 23.690 31
 23.700 31
 23.710 29
 23.720 44
 23.730 32
 23.740 35
 23.750 41
 23.760 32
 23.770 28
 23.780 32
 23.790 32
 23.800 29
 23.810 28
 23.820 42
 23.830 32
 23.840 38
 23.850 38
 23.860 37
 23.870 32
 23.880 44
 23.890 34
 23.900 41
 23.910 44
 23.920 45
 23.930 32
 23.940 40
 23.950 37
 23.960 37
 23.970 35
 23.980 35
 23.990 41
 24.000 36
 24.010 50
 24.020 42
 24.030 45
 24.040 35
 24.050 50
 24.060 40
 24.070 56
 24.080 48
 24.090 40
 24.100 32
 24.110 36
 24.120 50
 24.130 50
 24.140 38
 24.150 44
 24.160 42
 24.170 44
 24.180 41
 24.190 36
 24.200 37
 24.210 32
 24.220 42
 24.230 34
 24.240 35
 24.250 27
 24.260 29
 24.270 34
 24.280 30
 24.290 40
 24.300 31
 24.310 38
 24.320 36
 24.330 31
 24.340 32
 24.350 36
 24.360 32
 24.370 31
 24.380 28
 24.390 38
 24.400 37
 24.410 28
 24.420 32
 24.430 35
 24.440 29
 24.450 26
 24.460 27
 24.470 32
 24.480 25
 24.490 32
 24.500 20
 24.510 30
 24.520 27
 24.530 22
 24.540 16
 24.550 22
 24.560 24
 24.570 29
 24.580 22
 24.590 23
 24.600 19
 24.610 36
 24.620 26
 24.630 26
 24.640 21
 24.650 24
 24.660 19
 24.670 26
 24.680 32
 24.690 32
 24.700 14
 24.710 26
 24.720 41
 24.730 21
 24.740 30
 24.750 24
 24.760 29
 24.770 16
 24.780 21
 24.790 25
 24.800 32
 24.810 24
 24.820 17
 24.830 17
 24.840 23
 24.850 22
 24.860 17
 24.870 34
 24.880 22
 24.890 22
 24.900 32
 24.910 27
 24.920 20
 24.930 17
 24.940 19
 24.950 20
 24.960 24
 24.970 19
 24.980 16
 24.990 22
 25.000 22
 25.010 20
 25.020 20
 25.030 27
 25.040 20
 25.050 19
 25.060 22
 25.070 25
 25.080 29
 25.090 21
 25.100 21
 25.110 20
 25.120 24
 25.130 17
 25.140 21
 25.150 22
 25.160 28
 25.170 26
 25.180 21
 25.190 25
 25.200 20
 25.210 22
 25.220 24
 25.230 30
 25.240 25
 25.250 25
 25.260 24
 25.270 18
 25.280 16
 25.290 25
 25.300 24
 25.310 21
 25.320 29
 25.330 28
 25.340 23
 25.350 18
 25.360 21
 25.370 24
 25.380 28
 25.390 21
 25.400 20
 25.410 21
 25.420 22
 25.430 24
 25.440 23
 25.450 34
 25.460 18
 25.470 31
 25.480 19
 25.490 32
 25.500 24
 25.510 32
 25.520 31
 25.530 27
 25.540 26
 25.550 22
 25.560 26
 25.570 24
 25.580 18
 25.590 20
 25.600 22
 25.610 19
 25.620 16
 25.630 18
 25.640 27
 25.650 19
 25.660 21
 25.670 20
 25.680 20
 25.690 24
 25.700 28
 25.710 34
 25.720 28
 25.730 20
 25.740 26
 25.750 21
 25.760 20
 25.770 19
 25.780 26
 25.790 25
 25.800 28
 25.810 28
 25.820 28
 25.830 26
 25.840 21
 25.850 21
 25.860 19
 25.870 27
 25.880 29
 25.890 29
 25.900 21
 25.910 20
 25.920 20
 25.930 23
 25.940 28
 25.950 28
 25.960 30
 25.970 25
 25.980 21
 25.990 21
 26.000 28
 26.010 22
 26.020 35
 26.030 19
 26.040 23
 26.050 25
 26.060 20
 26.070 23
 26.080 23
 26.090 24
 26.100 19
 26.110 20
 26.120 31
 26.130 23
 26.140 26
 26.150 26
 26.160 26
 26.170 22
 26.180 30
 26.190 21
 26.200 18
 26.210 23
 26.220 28
 26.230 31
 26.240 27
 26.250 23
 26.260 31
 26.270 34
 26.280 21
 26.290 27
 26.300 24
 26.310 30
 26.320 30
 26.330 27
 26.340 28
 26.350 26
 26.360 24
 26.370 22
 26.380 28
 26.390 23
 26.400 29
 26.410 26
 26.420 21
 26.430 20
 26.440 23
 26.450 22
 26.460 19
 26.470 21
 26.480 24
 26.490 26
 26.500 31
 26.510 24
 26.520 17
 26.530 18
 26.540 26
 26.550 27
 26.560 21
 26.570 32
 26.580 37
 26.590 25
 26.600 24
 26.610 25
 26.620 25
 26.630 14
 26.640 23
 26.650 20
 26.660 19
 26.670 26
 26.680 26
 26.690 24
 26.700 25
 26.710 28
 26.720 20
 26.730 31
 26.740 14
 26.750 23
 26.760 28
 26.770 27
 26.780 27
 26.790 22
 26.800 26
 26.810 28
 26.820 30
 26.830 20
 26.840 27
 26.850 25
 26.860 22
 26.870 25
 26.880 21
 26.890 19
 26.900 27
 26.910 27
 26.920 36
 26.930 31
 26.940 32
 26.950 26
 26.960 24
 26.970 27
 26.980 29
 26.990 27
 27.000 22
 27.010 31
 27.020 25
 27.030 35
 27.040 31
 27.050 21
 27.060 23
 27.070 22
 27.080 29
 27.090 30
 27.100 25
 27.110 25
 27.120 22
 27.130 21
 27.140 21
 27.150 31
 27.160 35
 27.170 17
 27.180 26
 27.190 27
 27.200 19
 27.210 28
 27.220 21
 27.230 21
 27.240 31
 27.250 34
 27.260 26
 27.270 21
 27.280 34
 27.290 24
 27.300 32
 27.310 29
 27.320 25
 27.330 30
 27.340 32
 27.350 21
 27.360 29
 27.370 27
 27.380 30
 27.390 29
 27.400 23
 27.410 30
 27.420 32
 27.430 23
 27.440 20
 27.450 16
 27.460 29
 27.470 37
 27.480 28
 27.490 32
 27.500 24
 27.510 26
 27.520 26
 27.530 26
 27.540 35
 27.550 26
 27.560 41
 27.570 29
 27.580 29
 27.590 30
 27.600 34
 27.610 25
 27.620 26
 27.630 25
 27.640 30
 27.650 37
 27.660 30
 27.670 31
 27.680 32
 27.690 24
 27.700 25
 27.710 25
 27.720 25
 27.730 23
 27.740 30
 27.750 26
 27.760 24
 27.770 28
 27.780 27
 27.790 41
 27.800 28
 27.810 26
 27.820 21
 27.830 20
 27.840 27
 27.850 25
 27.860 23
 27.870 31
 27.880 28
 27.890 26
 27.900 31
 27.910 32
 27.920 29
 27.930 28
 27.940 26
 27.950 28
 27.960 27
 27.970 32
 27.980 31
 27.990 35
 28.000 32
 28.010 32
 28.020 31
 28.030 36
 28.040 29
 28.050 32
 28.060 27
 28.070 19
 28.080 23
 28.090 37
 28.100 24
 28.110 36
 28.120 29
 28.130 37
 28.140 25
 28.150 27
 28.160 17
 28.170 26
 28.180 37
 28.190 16
 28.200 18
 28.210 38
 28.220 22
 28.230 27
 28.240 27
 28.250 30
 28.260 37
 28.270 31
 28.280 19
 28.290 32
 28.300 31
 28.310 32
 28.320 29
 28.330 30
 28.340 34
 28.350 25
 28.360 35
 28.370 20
 28.380 32
 28.390 34
 28.400 32
 28.410 31
 28.420 23
 28.430 34
 28.440 28
 28.450 25
 28.460 31
 28.470 25
 28.480 22
 28.490 29
 28.500 30
 28.510 27
 28.520 42
 28.530 38
 28.540 37
 28.550 41
 28.560 22
 28.570 38
 28.580 32
 28.590 31
 28.600 30
 28.610 29
 28.620 26
 28.630 35
 28.640 37
 28.650 24
 28.660 44
 28.670 32
 28.680 31
 28.690 24
 28.700 44
 28.710 38
 28.720 29
 28.730 35
 28.740 38
 28.750 40
 28.760 32
 28.770 42
 28.780 38
 28.790 35
 28.800 46
 28.810 50
 28.820 41
 28.830 48
 28.840 44
 28.850 38
 28.860 41
 28.870 29
 28.880 36
 28.890 50
 28.900 41
 28.910 48
 28.920 34
 28.930 45
 28.940 46
 28.950 50
 28.960 48
 28.970 42
 28.980 48
 28.990 45
 29.000 41
 29.010 53
 29.020 64
 29.030 46
 29.040 50
 29.050 56
 29.060 48
 29.070 50
 29.080 52
 29.090 45
 29.100 58
 29.110 52
 29.120 59
 29.130 50
 29.140 32
 29.150 62
 29.160 61
 29.170 48
 29.180 55
 29.190 77
 29.200 67
 29.210 67
 29.220 50
 29.230 50
 29.240 74
 29.250 66
 29.260 83
 29.270 76
 29.280 72
 29.290 55
 29.300 74
 29.310 71
 29.320 86
 29.330 66
 29.340 72
 29.350 72
 29.360 72
 29.370 79
 29.380 64
 29.390 69
 29.400 90
 29.410 86
 29.420 88
 29.430 85
 29.440 88
 29.450 104
 29.460 102
 29.470 112
 29.480 92
 29.490 121
 29.500 114
 29.510 123
 29.520 108
 29.530 151
 29.540 119
 29.550 132
 29.560 146
 29.570 174
 29.580 188
 29.590 169
 29.600 174
 29.610 156
 29.620 190
 29.630 213
 29.640 207
 29.650 213
 29.660 243
 29.670 250
 29.680 234
 29.690 299
 29.700 299
 29.710 335
 29.720 376
 29.730 339
 29.740 357
 29.750 380
 29.760 420
 29.770 449
 29.780 424
 29.790 467
 29.800 433
 29.810 502
 29.820 493
 29.830 488
 29.840 529
 29.850 548
 29.860 610
 29.870 640
 29.880 620
 29.890 645
 29.900 666
 29.910 724
 29.920 756
 29.930 713
 29.940 745
 29.950 778
 29.960 790
 29.970 801
 29.980 818
 29.990 778
 30.000 876
 30.010 829
 30.020 762
 30.030 812
 30.040 801
 30.050 767
 30.060 829
 30.070 835
 30.080 864
 30.090 835
 30.100 784
 30.110 858
 30.120 829
 30.130 778
 30.140 824
 30.150 812
 30.160 767
 30.170 795
 30.180 762
 30.190 751
 30.200 756
 30.210 807
 30.220 745
 30.230 767
 30.240 713
 30.250 729
 30.260 734
 30.270 676
 30.280 671
 30.290 692
 30.300 620
 30.310 635
 30.320 620
 30.330 581
 30.340 586
 30.350 543
 30.360 524
 30.370 515
 30.380 497
 30.390 467
 30.400 428
 30.410 420
 30.420 412
 30.430 369
 30.440 369
 30.450 339
 30.460 303
 30.470 342
 30.480 282
 30.490 279
 30.500 253
 30.510 246
 30.520 234
 30.530 207
 30.540 185
 30.550 193
 30.560 180
 30.570 161
 30.580 139
 30.590 151
 30.600 117
 30.610 121
 30.620 102
 30.630 96
 30.640 92
 30.650 72
 30.660 67
 30.670 59
 30.680 66
 30.690 49
 30.700 66
 30.710 59
 30.720 49
 30.730 56
 30.740 62
 30.750 64
 30.760 64
 30.770 53
 30.780 49
 30.790 50
 30.800 46
 30.810 30
 30.820 49
 30.830 40
 30.840 42
 30.850 30
 30.860 50
 30.870 38
 30.880 41
 30.890 36
 30.900 29
 30.910 30
 30.920 35
 30.930 34
 30.940 31
 30.950 41
 30.960 36
 30.970 31
 30.980 34
 30.990 25
 31.000 36
 31.010 35
 31.020 38
 31.030 31
 31.040 30
 31.050 37
 31.060 20
 31.070 38
 31.080 42
 31.090 26
 31.100 29
 31.110 30
 31.120 29
 31.130 37
 31.140 22
 31.150 29
 31.160 30
 31.170 36
 31.180 27
 31.190 23
 31.200 31
 31.210 34
 31.220 24
 31.230 34
 31.240 44
 31.250 30
 31.260 25
 31.270 25
 31.280 24
 31.290 30
 31.300 24
 31.310 20
 31.320 18
 31.330 22
 31.340 31
 31.350 20
 31.360 26
 31.370 27
 31.380 24
 31.390 25
 31.400 26
 31.410 23
 31.420 26
 31.430 26
 31.440 26
 31.450 26
 31.460 20
 31.470 26
 31.480 15
 31.490 26
 31.500 27
 31.510 27
 31.520 27
 31.530 25
 31.540 23
 31.550 29
 31.560 21
 31.570 22
 31.580 21
 31.590 23
 31.600 26
 31.610 23
 31.620 24
 31.630 19
 31.640 25
 31.650 19
 31.660 20
 31.670 21
 31.680 29
 31.690 29
 31.700 24
 31.710 28
 31.720 29
 31.730 31
 31.740 14
 31.750 28
 31.760 28
 31.770 23
 31.780 22
 31.790 21
 31.800 24
 31.810 28
 31.820 19
 31.830 21
 31.840 21
 31.850 23
 31.860 18
 31.870 25
 31.880 25
 31.890 19
 31.900 16
 31.910 27
 31.920 21
 31.930 17
 31.940 23
 31.950 22
 31.960 20
 31.970 27
 31.980 19
 31.990 24
 32.000 25
 32.010 22
 32.020 25
 32.030 21
 32.040 14
 32.050 20
 32.060 15
 32.070 26
 32.080 21
 32.090 21
 32.100 16
 32.110 21
 32.120 14
 32.130 32
 32.140 28
 32.150 21
 32.160 23
 32.170 14
 32.180 23
 32.190 22
 32.200 18
 32.210 26
 32.220 15
 32.230 19
 32.240 14
 32.250 21
 32.260 19
 32.270 14
 32.280 25
 32.290 16
 32.300 18
 32.310 18
 32.320 21
 32.330 20
 32.340 19
 32.350 11
 32.360 11
 32.370 23
 32.380 18
 32.390 22
 32.400 24
 32.410 22
 32.420 21
 32.430 26
 32.440 17
 32.450 24
 32.460 15
 32.470 21
 32.480 21
 32.490 15
 32.500 29
 32.510 14
 32.520 22
 32.530 20
 32.540 19
 32.550 25
 32.560 19
 32.570 16
 32.580 22
 32.590 16
 32.600 19
 32.610 27
 32.620 19
 32.630 19
 32.640 18
 32.650 20
 32.660 19
 32.670 27
 32.680 23
 32.690 26
 32.700 13
 32.710 14
 32.720 23
 32.730 19
 32.740 17
 32.750 13
 32.760 22
 32.770 23
 32.780 19
 32.790 20
 32.800 17
 32.810 21
 32.820 17
 32.830 23
 32.840 25
 32.850 17
 32.860 25
 32.870 20
 32.880 17
 32.890 21
 32.900 18
 32.910 13
 32.920 20
 32.930 21
 32.940 16
 32.950 27
 32.960 21
 32.970 17
 32.980 20
 32.990 19
 33.000 20
 33.010 21
 33.020 17
 33.030 26
 33.040 15
 33.050 20
 33.060 17
 33.070 13
 33.080 17
 33.090 24
 33.100 17
 33.110 28
 33.120 16
 33.130 14
 33.140 14
 33.150 16
 33.160 12
 33.170 22
 33.180 20
 33.190 19
 33.200 13
 33.210 13
 33.220 20
 33.230 27
 33.240 19
 33.250 17
 33.260 18
 33.270 16
 33.280 13
 33.290 21
 33.300 11
 33.310 21
 33.320 22
 33.330 19
 33.340 10
 33.350 22
 33.360 16
 33.370 26
 33.380 22
 33.390 20
 33.400 24
 33.410 16
 33.420 23
 33.430 20
 33.440 21
 33.450 22
 33.460 20
 33.470 18
 33.480 19
 33.490 17
 33.500 17
 33.510 14
 33.520 20
 33.530 19
 33.540 17
 33.550 32
 33.560 23
 33.570 25
 33.580 29
 33.590 19
 33.600 16
 33.610 30
 33.620 17
 33.630 26
 33.640 23
 33.650 19
 33.660 24
 33.670 25
 33.680 23
 33.690 22
 33.700 26
 33.710 27
 33.720 15
 33.730 29
 33.740 25
 33.750 27
 33.760 29
 33.770 27
 33.780 30
 33.790 26
 33.800 29
 33.810 17
 33.820 27
 33.830 21
 33.840 25
 33.850 24
 33.860 24
 33.870 25
 33.880 28
 33.890 25
 33.900 19
 33.910 30
 33.920 28
 33.930 21
 33.940 27
 33.950 25
 33.960 29
 33.970 34
 33.980 34
 33.990 25
 34.000 22
 34.010 25
 34.020 22
 34.030 32
 34.040 24
 34.050 26
 34.060 30
 34.070 23
 34.080 28
 34.090 31
 34.100 27
 34.110 32
 34.120 25
 34.130 27
 34.140 26
 34.150 37
 34.160 20
 34.170 31
 34.180 26
 34.190 36
 34.200 24
 34.210 23
 34.220 32
 34.230 36
 34.240 20
 34.250 23
 34.260 31
 34.270 30
 34.280 29
 34.290 28
 34.300 25
 34.310 34
 34.320 27
 34.330 29
 34.340 21
 34.350 29
 34.360 31
 34.370 38
 34.380 24
 34.390 25
 34.400 21
 34.410 26
 34.420 26
 34.430 26
 34.440 24
 34.450 22
 34.460 20
 34.470 29
 34.480 25
 34.490 32
 34.500 24
 34.510 19
 34.520 20
 34.530 31
 34.540 29
 34.550 18
 34.560 38
 34.570 25
 34.580 21
 34.590 22
 34.600 20
 34.610 23
 34.620 27
 34.630 23
 34.640 31
 34.650 21
 34.660 26
 34.670 18
 34.680 20
 34.690 27
 34.700 20
 34.710 21
 34.720 22
 34.730 26
 34.740 27
 34.750 24
 34.760 17
 34.770 20
 34.780 25
 34.790 26
 34.800 21
 34.810 22
 34.820 25
 34.830 25
 34.840 17
 34.850 16
 34.860 30
 34.870 15
 34.880 11
 34.890 15
 34.900 22
 34.910 23
 34.920 18
 34.930 22
 34.940 21
 34.950 37
 34.960 15
 34.970 22
 34.980 16
 34.990 22
 35.000 18
 35.010 26
 35.020 22
 35.030 18
 35.040 16
 35.050 23
 35.060 16
 35.070 20
 35.080 25
 35.090 19
 35.100 23
 35.110 9
 35.120 15
 35.130 20
 35.140 22
 35.150 14
 35.160 17
 35.170 12
 35.180 16
 35.190 16
 35.200 14
 35.210 28
 35.220 20
 35.230 22
 35.240 18
 35.250 23
 35.260 14
 35.270 13
 35.280 18
 35.290 16
 35.300 18
 35.310 12
 35.320 15
 35.330 23
 35.340 15
 35.350 26
 35.360 21
 35.370 21
 35.380 16
 35.390 12
 35.400 17
 35.410 26
 35.420 14
 35.430 13
 35.440 17
 35.450 10
 35.460 16
 35.470 19
 35.480 10
 35.490 13
 35.500 15
 35.510 12
 35.520 19
 35.530 25
 35.540 15
 35.550 18
 35.560 17
 35.570 15
 35.580 18
 35.590 15
 35.600 16
 35.610 12
 35.620 14
 35.630 19
 35.640 16
 35.650 14
 35.660 23
 35.670 19
 35.680 12
 35.690 16
 35.700 10
 35.710 16
 35.720 15
 35.730 12
 35.740 21
 35.750 26
 35.760 12
 35.770 16
 35.780 17
 35.790 15
 35.800 16
 35.810 9
 35.820 20
 35.830 8
 35.840 11
 35.850 16
 35.860 11
 35.870 28
 35.880 12
 35.890 16
 35.900 15
 35.910 13
 35.920 14
 35.930 12
 35.940 20
 35.950 17
 35.960 11
 35.970 17
 35.980 19
 35.990 8
 36.000 18
 36.010 17
 36.020 18
 36.030 19
 36.040 19
 36.050 22
 36.060 17
 36.070 17
 36.080 15
 36.090 17
 36.100 25
 36.110 20
 36.120 11
 36.130 17
 36.140 23
 36.150 17
 36.160 12
 36.170 19
 36.180 19
 36.190 28
 36.200 13
 36.210 18
 36.220 19
 36.230 24
 36.240 20
 36.250 13
 36.260 12
 36.270 18
 36.280 18
 36.290 19
 36.300 20
 36.310 13
 36.320 16
 36.330 20
 36.340 22
 36.350 14
 36.360 23
 36.370 19
 36.380 25
 36.390 18
 36.400 18
 36.410 17
 36.420 16
 36.430 21
 36.440 13
 36.450 30
 36.460 21
 36.470 22
 36.480 20
 36.490 21
 36.500 21
 36.510 22
 36.520 27
 36.530 21
 36.540 25
 36.550 30
 36.560 11
 36.570 24
 36.580 22
 36.590 26
 36.600 21
 36.610 16
 36.620 36
 36.630 32
 36.640 15
 36.650 30
 36.660 29
 36.670 28
 36.680 29
 36.690 26
 36.700 23
 36.710 44
 36.720 34
 36.730 29
 36.740 32
 36.750 37
 36.760 31
 36.770 26
 36.780 24
 36.790 35
 36.800 53
 36.810 42
 36.820 55
 36.830 38
 36.840 30
 36.850 46
 36.860 53
 36.870 53
 36.880 50
 36.890 76
 36.900 45
 36.910 59
 36.920 53
 36.930 62
 36.940 62
 36.950 67
 36.960 56
 36.970 61
 36.980 66
 36.990 62
 37.000 66
 37.010 66
 37.020 56
 37.030 50
 37.040 83
 37.050 66
 37.060 62
 37.070 79
 37.080 56
 37.090 69
 37.100 62
 37.110 72
 37.120 62
 37.130 66
 37.140 67
 37.150 77
 37.160 77
 37.170 79
 37.180 52
 37.190 66
 37.200 50
 37.210 52
 37.220 67
 37.230 67
 37.240 50
 37.250 64
 37.260 58
 37.270 52
 37.280 45
 37.290 55
 37.300 56
 37.310 50
 37.320 42
 37.330 59
 37.340 26
 37.350 46
 37.360 38
 37.370 32
 37.380 30
 37.390 48
 37.400 37
 37.410 34
 37.420 28
 37.430 32
 37.440 40
 37.450 28
 37.460 36
 37.470 22
 37.480 32
 37.490 22
 37.500 24
 37.510 30
 37.520 25
 37.530 18
 37.540 19
 37.550 17
 37.560 20
 37.570 20
 37.580 21
 37.590 24
 37.600 18
 37.610 13
 37.620 23
 37.630 20
 37.640 22
 37.650 21
 37.660 22
 37.670 14
 37.680 19
 37.690 19
 37.700 18
 37.710 23
 37.720 16
 37.730 13
 37.740 13
 37.750 10
 37.760 21
 37.770 22
 37.780 12
 37.790 7
 37.800 22
 37.810 16
 37.820 14
 37.830 12
 37.840 13
 37.850 20
 37.860 21
 37.870 13
 37.880 21
 37.890 15
 37.900 21
 37.910 19
 37.920 14
 37.930 16
 37.940 14
 37.950 8
 37.960 15
 37.970 11
 37.980 18
 37.990 21
 38.000 19
 38.010 12
 38.020 19
 38.030 19
 38.040 13
 38.050 11
 38.060 12
 38.070 17
 38.080 16
 38.090 19
 38.100 19
 38.110 11
 38.120 13
 38.130 16
 38.140 15
 38.150 12
 38.160 15
 38.170 9
 38.180 18
 38.190 23
 38.200 16
 38.210 13
 38.220 15
 38.230 12
 38.240 9
 38.250 18
 38.260 23
 38.270 28
 38.280 11
 38.290 11
 38.300 16
 38.310 12
 38.320 17
 38.330 17
 38.340 19
 38.350 24
 38.360 11
 38.370 10
 38.380 14
 38.390 15
 38.400 12
 38.410 9
 38.420 13
 38.430 18
 38.440 17
 38.450 19
 38.460 26
 38.470 13
 38.480 17
 38.490 11
 38.500 17
 38.510 22
 38.520 20
 38.530 16
 38.540 16
 38.550 18
 38.560 19
 38.570 20
 38.580 18
 38.590 17
 38.600 9
 38.610 15
 38.620 23
 38.630 13
 38.640 18
 38.650 11
 38.660 22
 38.670 16
 38.680 20
 38.690 12
 38.700 17
 38.710 14
 38.720 14
 38.730 17
 38.740 24
 38.750 21
 38.760 17
 38.770 21
 38.780 16
 38.790 16
 38.800 21
 38.810 12
 38.820 15
 38.830 17
 38.840 13
 38.850 19
 38.860 15
 38.870 16
 38.880 11
 38.890 12
 38.900 19
 38.910 15
 38.920 17
 38.930 10
 38.940 18
 38.950 14
 38.960 15
 38.970 14
 38.980 18
 38.990 16
 39.000 9
 39.010 10
 39.020 16
 39.030 13
 39.040 15
 39.050 12
 39.060 24
 39.070 17
 39.080 11
 39.090 20
 39.100 14
 39.110 11
 39.120 12
 39.130 15
 39.140 13
 39.150 18
 39.160 14
 39.170 17
 39.180 18
 39.190 18
 39.200 14
 39.210 13
 39.220 14
 39.230 16
 39.240 19
 39.250 12
 39.260 16
 39.270 18
 39.280 17
 39.290 17
 39.300 8
 39.310 18
 39.320 12
 39.330 16
 39.340 14
 39.350 17
 39.360 11
 39.370 18
 39.380 14
 39.390 15
 39.400 20
 39.410 21
 39.420 18
 39.430 14
 39.440 16
 39.450 12
 39.460 24
 39.470 18
 39.480 16
 39.490 17
 39.500 18
 39.510 25
 39.520 15
 39.530 16
 39.540 17
 39.550 17
 39.560 8
 39.570 13
 39.580 14
 39.590 12
 39.600 22
 39.610 17
 39.620 25
 39.630 17
 39.640 17
 39.650 26
 39.660 21
 39.670 15
 39.680 21
 39.690 21
 39.700 10
 39.710 11
 39.720 13
 39.730 20
 39.740 19
 39.750 16
 39.760 20
 39.770 11
 39.780 14
 39.790 22
 39.800 18
 39.810 10
 39.820 16
 39.830 13
 39.840 12
 39.850 10
 39.860 19
 39.870 18
 39.880 14
 39.890 19
 39.900 12
 39.910 22
 39.920 17
 39.930 14
 39.940 15
 39.950 10
 39.960 23
 39.970 14
 39.980 16
 39.990 12
 40.000 20
 40.010 14
 40.020 14
 40.030 18
 40.040 13
 40.050 17
 40.060 13
 40.070 23
 40.080 9
 40.090 15
 40.100 14
 40.110 16
 40.120 15
 40.130 23
 40.140 19
 40.150 17
 40.160 22
 40.170 15
 40.180 18
 40.190 20
 40.200 21
 40.210 13
 40.220 8
 40.230 13
 40.240 14
 40.250 9
 40.260 9
 40.270 10
 40.280 15
 40.290 14
 40.300 13
 40.310 7
 40.320 7
 40.330 19
 40.340 21
 40.350 20
 40.360 20
 40.370 19
 40.380 15
 40.390 19
 40.400 16
 40.410 20
 40.420 19
 40.430 15
 40.440 17
 40.450 10
 40.460 15
 40.470 14
 40.480 14
 40.490 14
 40.500 9
 40.510 15
 40.520 17
 40.530 16
 40.540 13
 40.550 14
 40.560 11
 40.570 8
 40.580 13
 40.590 15
 40.600 14
 40.610 11
 40.620 16
 40.630 15
 40.640 15
 40.650 22
 40.660 15
 40.670 17
 40.680 15
 40.690 15
 40.700 18
 40.710 23
 40.720 24
 40.730 13
 40.740 22
 40.750 19
 40.760 15
 40.770 13
 40.780 12
 40.790 14
 40.800 17
 40.810 15
 40.820 17
 40.830 14
 40.840 13
 40.850 18
 40.860 15
 40.870 15
 40.880 19
 40.890 14
 40.900 27
 40.910 19
 40.920 22
 40.930 12
 40.940 12
 40.950 15
 40.960 16
 40.970 16
 40.980 12
 40.990 16
 41.000 10
 41.010 14
 41.020 18
 41.030 18
 41.040 12
 41.050 15
 41.060 13
 41.070 17
 41.080 17
 41.090 13
 41.100 22
 41.110 12
 41.120 22
 41.130 20
 41.140 23
 41.150 11
 41.160 19
 41.170 16
 41.180 17
 41.190 16
 41.200 17
 41.210 15
 41.220 17
 41.230 16
 41.240 15
 41.250 14
 41.260 17
 41.270 17
 41.280 16
 41.290 15
 41.300 9
 41.310 20
 41.320 26
 41.330 22
 41.340 12
 41.350 20
 41.360 21
 41.370 19
 41.380 17
 41.390 24
 41.400 13
 41.410 10
 41.420 17
 41.430 21
 41.440 20
 41.450 15
 41.460 18
 41.470 19
 41.480 11
 41.490 21
 41.500 22
 41.510 27
 41.520 22
 41.530 20
 41.540 12
 41.550 18
 41.560 23
 41.570 12
 41.580 19
 41.590 15
 41.600 23
 41.610 24
 41.620 21
 41.630 20
 41.640 13
 41.650 23
 41.660 22
 41.670 22
 41.680 21
 41.690 26
 41.700 16
 41.710 21
 41.720 18
 41.730 16
 41.740 15
 41.750 19
 41.760 18
 41.770 24
 41.780 27
 41.790 22
 41.800 32
 41.810 16
 41.820 35
 41.830 16
 41.840 21
 41.850 14
 41.860 23
 41.870 23
 41.880 20
 41.890 23
 41.900 18
 41.910 28
 41.920 17
 41.930 19
 41.940 18
 41.950 21
 41.960 31
 41.970 34
 41.980 26
 41.990 21
 42.000 30
 42.010 22
 42.020 31
 42.030 12
 42.040 27
 42.050 22
 42.060 28
 42.070 25
 42.080 34
 42.090 24
 42.100 31
 42.110 35
 42.120 20
 42.130 20
 42.140 23
 42.150 28
 42.160 40
 42.170 23
 42.180 36
 42.190 29
 42.200 32
 42.210 41
 42.220 24
 42.230 35
 42.240 29
 42.250 35
 42.260 35
 42.270 41
 42.280 31
 42.290 26
 42.300 37
 42.310 34
 42.320 41
 42.330 44
 42.340 44
 42.350 41
 42.360 35
 42.370 44
 42.380 42
 42.390 38
 42.400 40
 42.410 34
 42.420 36
 42.430 41
 42.440 45
 42.450 58
 42.460 41
 42.470 41
 42.480 69
 42.490 66
 42.500 49
 42.510 49
 42.520 44
 42.530 55
 42.540 58
 42.550 53
 42.560 56
 42.570 62
 42.580 64
 42.590 64
 42.600 69
 42.610 79
 42.620 76
 42.630 72
 42.640 72
 42.650 81
 42.660 83
 42.670 77
 42.680 77
 42.690 79
 42.700 81
 42.710 114
 42.720 85
 42.730 88
 42.740 125
 42.750 108
 42.760 108
 42.770 100
 42.780 130
 42.790 135
 42.800 137
 42.810 139
 42.820 130
 42.830 156
 42.840 169
 42.850 180
 42.860 159
 42.870 182
 42.880 188
 42.890 188
 42.900 213
 42.910 164
 42.920 196
 42.930 246
 42.940 234
 42.950 237
 42.960 246
 42.970 228
 42.980 243
 42.990 256
 43.000 256
 43.010 231
 43.020 253
 43.030 262
 43.040 262
 43.050 262
 43.060 250
 43.070 276
 43.080 266
 43.090 262
 43.100 256
 43.110 286
 43.120 269
 43.130 262
 43.140 259
 43.150 250
 43.160 269
 43.170 231
 43.180 246
 43.190 243
 43.200 237
 43.210 240
 43.220 231
 43.230 228
 43.240 202
 43.250 213
 43.260 199
 43.270 164
 43.280 185
 43.290 177
 43.300 185
 43.310 164
 43.320 174
 43.330 146
 43.340 154
 43.350 130
 43.360 132
 43.370 125
 43.380 121
 43.390 102
 43.400 112
 43.410 102
 43.420 86
 43.430 79
 43.440 71
 43.450 71
 43.460 66
 43.470 71
 43.480 48
 43.490 62
 43.500 62
 43.510 71
 43.520 49
 43.530 48
 43.540 53
 43.550 53
 43.560 35
 43.570 28
 43.580 37
 43.590 36
 43.600 50
 43.610 46
 43.620 36
 43.630 37
 43.640 23
 43.650 32
 43.660 29
 43.670 32
 43.680 22
 43.690 31
 43.700 34
 43.710 31
 43.720 22
 43.730 29
 43.740 23
 43.750 32
 43.760 24
 43.770 22
 43.780 29
 43.790 31
 43.800 26
 43.810 24
 43.820 24
 43.830 18
 43.840 19
 43.850 28
 43.860 15
 43.870 21
 43.880 20
 43.890 15
 43.900 16
 43.910 19
 43.920 18
 43.930 21
 43.940 19
 43.950 30
 43.960 21
 43.970 23
 43.980 15
 43.990 19
 44.000 21
 44.010 15
 44.020 17
 44.030 18
 44.040 14
 44.050 16
 44.060 20
 44.070 19
 44.080 18
 44.090 28
 44.100 15
 44.110 17
 44.120 18
 44.130 30
 44.140 17
 44.150 13
 44.160 20
 44.170 17
 44.180 22
 44.190 17
 44.200 20
 44.210 19
 44.220 22
 44.230 22
 44.240 21
 44.250 25
 44.260 20
 44.270 16
 44.280 18
 44.290 18
 44.300 20
 44.310 25
 44.320 21
 44.330 16
 44.340 18
 44.350 14
 44.360 21
 44.370 19
 44.380 25
 44.390 27
 44.400 28
 44.410 18
 44.420 26
 44.430 18
 44.440 12
 44.450 27
 44.460 13
 44.470 15
 44.480 14
 44.490 16
 44.500 16
 44.510 23
 44.520 23
 44.530 29
 44.540 24
 44.550 22
 44.560 14
 44.570 23
 44.580 15
 44.590 13
 44.600 20
 44.610 28
 44.620 23
 44.630 20
 44.640 21
 44.650 29
 44.660 22
 44.670 34
 44.680 14
 44.690 25
 44.700 18
 44.710 17
 44.720 16
 44.730 20
 44.740 18
 44.750 19
 44.760 16
 44.770 21
 44.780 23
 44.790 18
 44.800 23
 44.810 23
 44.820 14
 44.830 28
 44.840 20
 44.850 25
 44.860 26
 44.870 16
 44.880 22
 44.890 19
 44.900 18
 44.910 21
 44.920 19
 44.930 18
 44.940 25
 44.950 10
 44.960 32
 44.970 19
 44.980 16
 44.990 16
 45.000 19
 45.010 29
 45.020 17
 45.030 20
 45.040 22
 45.050 17
 45.060 20
 45.070 18
 45.080 20
 45.090 24
 45.100 20
 45.110 18
 45.120 17
 45.130 14
 45.140 12
 45.150 14
 45.160 20
 45.170 20
 45.180 21
 45.190 23
 45.200 15
 45.210 18
 45.220 19
 45.230 20
 45.240 24
 45.250 15
 45.260 12
 45.270 17
 45.280 16
 45.290 17
 45.300 9
 45.310 19
 45.320 14
 45.330 17
 45.340 13
 45.350 23
 45.360 10
 45.370 21
 45.380 14
 45.390 19
 45.400 23
 45.410 16
 45.420 19
 45.430 13
 45.440 12
 45.450 16
 45.460 12
 45.470 14
 45.480 19
 45.490 23
 45.500 17
 45.510 17
 45.520 26
 45.530 29
 45.540 18
 45.550 19
 45.560 21
 45.570 22
 45.580 15
 45.590 18
 45.600 17
 45.610 16
 45.620 16
 45.630 19
 45.640 18
 45.650 16
 45.660 16
 45.670 11
 45.680 23
 45.690 18
 45.700 13
 45.710 14
 45.720 18
 45.730 14
 45.740 23
 45.750 22
 45.760 13
 45.770 16
 45.780 16
 45.790 26
 45.800 13
 45.810 10
 45.820 27
 45.830 11
 45.840 12
 45.850 18
 45.860 18
 45.870 16
 45.880 16
 45.890 13
 45.900 19
 45.910 17
 45.920 9
 45.930 17
 45.940 15
 45.950 16
 45.960 20
 45.970 16
 45.980 13
 45.990 11
 46.000 23
 46.010 16
 46.020 10
 46.030 12
 46.040 9
 46.050 17
 46.060 18
 46.070 11
 46.080 17
 46.090 19
 46.100 19
 46.110 17
 46.120 13
 46.130 16
 46.140 12
 46.150 16
 46.160 13
 46.170 10
 46.180 17
 46.190 15
 46.200 22
 46.210 11
 46.220 18
 46.230 11
 46.240 22
 46.250 22
 46.260 24
 46.270 14
 46.280 20
 46.290 13
 46.300 16
 46.310 18
 46.320 13
 46.330 13
 46.340 19
 46.350 19
 46.360 15
 46.370 22
 46.380 17
 46.390 17
 46.400 24
 46.410 22
 46.420 15
 46.430 14
 46.440 21
 46.450 9
 46.460 21
 46.470 18
 46.480 15
 46.490 21
 46.500 21
 46.510 16
 46.520 22
 46.530 21
 46.540 14
 46.550 18
 46.560 23
 46.570 19
 46.580 20
 46.590 20
 46.600 17
 46.610 13
 46.620 23
 46.630 20
 46.640 19
 46.650 19
 46.660 25
 46.670 14
 46.680 16
 46.690 16
 46.700 22
 46.710 22
 46.720 22
 46.730 14
 46.740 20
 46.750 15
 46.760 19
 46.770 18
 46.780 15
 46.790 11
 46.800 21
 46.810 22
 46.820 25
 46.830 14
 46.840 22
 46.850 21
 46.860 12
 46.870 19
 46.880 21
 46.890 19
 46.900 15
 46.910 17
 46.920 15
 46.930 26
 46.940 18
 46.950 22
 46.960 24
 46.970 14
 46.980 12
 46.990 23
 47.000 18
 47.010 14
 47.020 16
 47.030 21
 47.040 18
 47.050 18
 47.060 22
 47.070 25
 47.080 15
 47.090 24
 47.100 17
 47.110 23
 47.120 24
 47.130 21
 47.140 27
 47.150 16
 47.160 17
 47.170 13
 47.180 15
 47.190 21
 47.200 16
 47.210 23
 47.220 16
 47.230 20
 47.240 20
 47.250 25
 47.260 16
 47.270 10
 47.280 22
 47.290 9
 47.300 11
 47.310 15
 47.320 21
 47.330 14
 47.340 25
 47.350 18
 47.360 16
 47.370 15
 47.380 12
 47.390 8
 47.400 22
 47.410 21
 47.420 16
 47.430 17
 47.440 17
 47.450 19
 47.460 12
 47.470 18
 47.480 20
 47.490 13
 47.500 16
 47.510 19
 47.520 19
 47.530 18
 47.540 25
 47.550 22
 47.560 16
 47.570 16
 47.580 19
 47.590 16
 47.600 16
 47.610 23
 47.620 20
 47.630 15
 47.640 15
 47.650 14
 47.660 15
 47.670 23
 47.680 13
 47.690 16
 47.700 16
 47.710 17
 47.720 17
 47.730 16
 47.740 17
 47.750 18
 47.760 20
 47.770 13
 47.780 13
 47.790 17
 47.800 17
 47.810 18
 47.820 13
 47.830 18
 47.840 15
 47.850 15
 47.860 18
 47.870 16
 47.880 15
 47.890 21
 47.900 14
 47.910 18
 47.920 12
 47.930 15
 47.940 16
 47.950 27
 47.960 16
 47.970 14
 47.980 15
 47.990 14
 48.000 16
 48.010 18
 48.020 11
 48.030 14
 48.040 19
 48.050 25
 48.060 15
 48.070 18
 48.080 13
 48.090 22
 48.100 16
 48.110 18
 48.120 16
 48.130 16
 48.140 23
 48.150 24
 48.160 26
 48.170 24
 48.180 17
 48.190 23
 48.200 25
 48.210 24
 48.220 16
 48.230 17
 48.240 20
 48.250 22
 48.260 17
 48.270 22
 48.280 25
 48.290 25
 48.300 21
 48.310 19
 48.320 14
 48.330 25
 48.340 16
 48.350 19
 48.360 23
 48.370 21
 48.380 22
 48.390 29
 48.400 19
 48.410 22
 48.420 27
 48.430 29
 48.440 29
 48.450 23
 48.460 25
 48.470 15
 48.480 24
 48.490 25
 48.500 19
 48.510 35
 48.520 27
 48.530 32
 48.540 24
 48.550 20
 48.560 32
 48.570 26
 48.580 18
 48.590 28
 48.600 21
 48.610 29
 48.620 25
 48.630 19
 48.640 25
 48.650 27
 48.660 21
 48.670 24
 48.680 22
 48.690 18
 48.700 17
 48.710 28
 48.720 25
 48.730 19
 48.740 20
 48.750 11
 48.760 16
 48.770 22
 48.780 25
 48.790 18
 48.800 29
 48.810 14
 48.820 21
 48.830 21
 48.840 11
 48.850 16
 48.860 24
 48.870 16
 48.880 16
 48.890 22
 48.900 19
 48.910 21
 48.920 21
 48.930 17
 48.940 18
 48.950 20
 48.960 17
 48.970 17
 48.980 21
 48.990 18
 49.000 15
 49.010 22
 49.020 22
 49.030 10
 49.040 20
 49.050 16
 49.060 13
 49.070 22
 49.080 12
 49.090 17
 49.100 20
 49.110 29
 49.120 15
 49.130 11
 49.140 16
 49.150 11
 49.160 19
 49.170 10
 49.180 20
 49.190 24
 49.200 22
 49.210 19
 49.220 20
 49.230 20
 49.240 15
 49.250 18
 49.260 7
 49.270 21
 49.280 24
 49.290 21
 49.300 23
 49.310 8
 49.320 15
 49.330 16
 49.340 26
 49.350 19
 49.360 19
 49.370 15
 49.380 15
 49.390 17
 49.400 8
 49.410 10
 49.420 24
 49.430 18
 49.440 26
 49.450 15
 49.460 15
 49.470 13
 49.480 21
 49.490 14
 49.500 22
 49.510 16
 49.520 13
 49.530 18
 49.540 16
 49.550 19
 49.560 14
 49.570 18
 49.580 14
 49.590 20
 49.600 22
 49.610 21
 49.620 15
 49.630 18
 49.640 20
 49.650 19
 49.660 18
 49.670 20
 49.680 17
 49.690 14
 49.700 22
 49.710 14
 49.720 22
 49.730 18
 49.740 14
 49.750 19
 49.760 27
 49.770 12
 49.780 20
 49.790 25
 49.800 24
 49.810 28
 49.820 27
 49.830 13
 49.840 22
 49.850 23
 49.860 19
 49.870 24
 49.880 24
 49.890 24
 49.900 22
 49.910 15
 49.920 19
 49.930 16
 49.940 14
 49.950 19
 49.960 11
 49.970 32
 49.980 15
 49.990 22
 50.000 24
 50.010 23
 50.020 23
 50.030 19
 50.040 18
 50.050 25
 50.060 19
 50.070 20
 50.080 24
 50.090 27
 50.100 20
 50.110 13
 50.120 12
 50.130 28
 50.140 24
 50.150 16
 50.160 22
 50.170 21
 50.180 22
 50.190 14
 50.200 13
 50.210 24
 50.220 29
 50.230 20
 50.240 19
 50.250 15
 50.260 18
 50.270 22
 50.280 26
 50.290 16
 50.300 13
 50.310 25
 50.320 18
 50.330 21
 50.340 22
 50.350 18
 50.360 15
 50.370 19
 50.380 22
 50.390 30
 50.400 13
 50.410 11
 50.420 18
 50.430 16
 50.440 24
 50.450 16
 50.460 15
 50.470 14
 50.480 14
 50.490 21
 50.500 22
 50.510 13
 50.520 15
 50.530 23
 50.540 15
 50.550 17
 50.560 24
 50.570 20
 50.580 17
 50.590 16
 50.600 21
 50.610 11
 50.620 16
 50.630 9
 50.640 18
 50.650 17
 50.660 24
 50.670 24
 50.680 20
 50.690 27
 50.700 17
 50.710 12
 50.720 21
 50.730 21
 50.740 17
 50.750 12
 50.760 10
 50.770 10
 50.780 23
 50.790 16
 50.800 9
 50.810 12
 50.820 14
 50.830 16
 50.840 12
 50.850 18
 50.860 9
 50.870 23
 50.880 18
 50.890 22
 50.900 16
 50.910 23
 50.920 16
 50.930 19
 50.940 14
 50.950 20
 50.960 18
 50.970 17
 50.980 8
 50.990 21
 51.000 14
 51.010 15
 51.020 17
 51.030 16
 51.040 17
 51.050 15
 51.060 9
 51.070 22
 51.080 18
 51.090 19
 51.100 11
 51.110 20
 51.120 18
 51.130 11
 51.140 12
 51.150 16
 51.160 18
 51.170 19
 51.180 13
 51.190 15
 51.200 17
 51.210 10
 51.220 13
 51.230 14
 51.240 23
 51.250 15
 51.260 16
 51.270 15
 51.280 17
 51.290 22
 51.300 11
 51.310 22
 51.320 21
 51.330 15
 51.340 14
 51.350 14
 51.360 17
 51.370 17
 51.380 16
 51.390 18
 51.400 16
 51.410 15
 51.420 18
 51.430 22
 51.440 21
 51.450 14
 51.460 10
 51.470 9
 51.480 19
 51.490 15
 51.500 14
 51.510 8
 51.520 15
 51.530 8
 51.540 12
 51.550 19
 51.560 15
 51.570 13
 51.580 17
 51.590 10
 51.600 13
 51.610 19
 51.620 17
 51.630 12
 51.640 15
 51.650 13
 51.660 14
 51.670 10
 51.680 21
 51.690 15
 51.700 16
 51.710 27
 51.720 21
 51.730 15
 51.740 12
 51.750 14
 51.760 21
 51.770 17
 51.780 18
 51.790 13
 51.800 24
 51.810 15
 51.820 15
 51.830 19
 51.840 19
 51.850 21
 51.860 18
 51.870 21
 51.880 19
 51.890 22
 51.900 12
 51.910 15
 51.920 17
 51.930 22
 51.940 28
 51.950 13
 51.960 15
 51.970 17
 51.980 18
 51.990 22
 52.000 23
 52.010 15
 52.020 17
 52.030 17
 52.040 15
 52.050 17
 52.060 16
 52.070 19
 52.080 19
 52.090 17
 52.100 20
 52.110 15
 52.120 22
 52.130 22
 52.140 16
 52.150 17
 52.160 26
 52.170 25
 52.180 20
 52.190 22
 52.200 20
 52.210 18
 52.220 17
 52.230 35
 52.240 19
 52.250 25
 52.260 10
 52.270 20
 52.280 22
 52.290 24
 52.300 19
 52.310 31
 52.320 29
 52.330 25
 52.340 19
 52.350 14
 52.360 25
 52.370 22
 52.380 24
 52.390 20
 52.400 29
 52.410 19
 52.420 24
 52.430 17
 52.440 22
 52.450 32
 52.460 25
 52.470 25
 52.480 21
 52.490 32
 52.500 24
 52.510 22
 52.520 31
 52.530 38
 52.540 32
 52.550 40
 52.560 30
 52.570 35
 52.580 20
 52.590 35
 52.600 38
 52.610 32
 52.620 32
 52.630 38
 52.640 37
 52.650 26
 52.660 42
 52.670 34
 52.680 45
 52.690 31
 52.700 40
 52.710 29
 52.720 45
 52.730 38
 52.740 37
 52.750 44
 52.760 35
 52.770 45
 52.780 44
 52.790 42
 52.800 34
 52.810 45
 52.820 36
 52.830 48
 52.840 44
 52.850 50
 52.860 58
 52.870 50
 52.880 55
 52.890 36
 52.900 58
 52.910 64
 52.920 66
 52.930 62
 52.940 67
 52.950 77
 52.960 66
 52.970 56
 52.980 71
 52.990 67
 53.000 77
 53.010 72
 53.020 71
 53.030 90
 53.040 96
 53.050 90
 53.060 88
 53.070 104
 53.080 98
 53.090 98
 53.100 125
 53.110 110
 53.120 117
 53.130 130
 53.140 117
 53.150 149
 53.160 130
 53.170 123
 53.180 137
 53.190 137
 53.200 156
 53.210 159
 53.220 174
 53.230 164
 53.240 151
 53.250 190
 53.260 172
 53.270 202
 53.280 222
 53.290 213
 53.300 202
 53.310 222
 53.320 237
 53.330 219
 53.340 246
 53.350 246
 53.360 259
 53.370 216
 53.380 250
 53.390 262
 53.400 266
 53.410 256
 53.420 276
 53.430 262
 53.440 269
 53.450 276
 53.460 286
 53.470 306
 53.480 262
 53.490 269
 53.500 246
 53.510 276
 53.520 266
 53.530 276
 53.540 269
 53.550 246
 53.560 237
 53.570 222
 53.580 234
 53.590 228
 53.600 210
 53.610 174
 53.620 213
 53.630 207
 53.640 159
 53.650 169
 53.660 185
 53.670 156
 53.680 166
 53.690 144
 53.700 149
 53.710 154
 53.720 123
 53.730 139
 53.740 119
 53.750 110
 53.760 121
 53.770 106
 53.780 104
 53.790 98
 53.800 96
 53.810 86
 53.820 85
 53.830 83
 53.840 81
 53.850 69
 53.860 58
 53.870 77
 53.880 67
 53.890 66
 53.900 59
 53.910 59
 53.920 66
 53.930 45
 53.940 67
 53.950 50
 53.960 50
 53.970 48
 53.980 46
 53.990 32
 54.000 44
 54.010 35
 54.020 29
 54.030 38
 54.040 34
 54.050 28
 54.060 37
 54.070 34
 54.080 22
 54.090 32
 54.100 25
 54.110 32
 54.120 27
 54.130 17
 54.140 44
 54.150 13
 54.160 27
 54.170 30
 54.180 27
 54.190 18
 54.200 17
 54.210 32
 54.220 25
 54.230 20
 54.240 11
 54.250 17
 54.260 23
 54.270 20
 54.280 31
 54.290 19
 54.300 22
 54.310 27
 54.320 15
 54.330 20
 54.340 11
 54.350 16
 54.360 18
 54.370 14
 54.380 13
 54.390 15
 54.400 22
 54.410 14
 54.420 8
 54.430 20
 54.440 14
 54.450 18
 54.460 16
 54.470 8
 54.480 16
 54.490 26
 54.500 21
 54.510 15
 54.520 15
 54.530 20
 54.540 16
 54.550 14
 54.560 13
 54.570 14
 54.580 23
 54.590 20
 54.600 15
 54.610 16
 54.620 15
 54.630 16
 54.640 14
 54.650 14
 54.660 23
 54.670 15
 54.680 10
 54.690 10
 54.700 19
 54.710 19
 54.720 16
 54.730 15
 54.740 18
 54.750 23
 54.760 12
 54.770 18
 54.780 16
 54.790 15
 54.800 14
 54.810 14
 54.820 10
 54.830 15
 54.840 11
 54.850 13
 54.860 10
 54.870 13
 54.880 16
 54.890 15
 54.900 7
 54.910 23
 54.920 19
 54.930 10
 54.940 17
 54.950 12
 54.960 18
 54.970 20
 54.980 14
 54.990 13
 55.000 13
 55.010 10
 55.020 9
 55.030 21
 55.040 16
 55.050 20
 55.060 17
 55.070 10
 55.080 15
 55.090 17
 55.100 13
 55.110 15
 55.120 12
 55.130 9
 55.140 20
 55.150 13
 55.160 16
 55.170 17
 55.180 16
 55.190 18
 55.200 17
 55.210 14
 55.220 9
 55.230 13
 55.240 20
 55.250 13
 55.260 16
 55.270 18
 55.280 12
 55.290 21
 55.300 13
 55.310 12
 55.320 15
 55.330 19
 55.340 13
 55.350 13
 55.360 13
 55.370 14
 55.380 15
 55.390 17
 55.400 19
 55.410 10
 55.420 10
 55.430 13
 55.440 10
 55.450 18
 55.460 17
 55.470 22
 55.480 14
 55.490 17
 55.500 19
 55.510 16
 55.520 19
 55.530 10
 55.540 12
 55.550 15
 55.560 17
 55.570 22
 55.580 24
 55.590 6
 55.600 16
 55.610 14
 55.620 12
 55.630 17
 55.640 14
 55.650 15
 55.660 12
 55.670 23
 55.680 14
 55.690 20
 55.700 16
 55.710 12
 55.720 12
 55.730 14
 55.740 21
 55.750 15
 55.760 20
 55.770 18
 55.780 9
 55.790 14
 55.800 13
 55.810 13
 55.820 13
 55.830 16
 55.840 8
 55.850 11
 55.860 11
 55.870 9
 55.880 15
 55.890 7
 55.900 16
 55.910 17
 55.920 10
 55.930 13
 55.940 16
 55.950 16
 55.960 14
 55.970 15
 55.980 15
 55.990 11
 56.000 16
 56.010 20
 56.020 15
 56.030 13
 56.040 14
 56.050 18
 56.060 10
 56.070 9
 56.080 9
 56.090 8
 56.100 12
 56.110 9
 56.120 11
 56.130 15
 56.140 17
 56.150 13
 56.160 10
 56.170 19
 56.180 19
 56.190 13
 56.200 9
 56.210 15
 56.220 7
 56.230 15
 56.240 11
 56.250 16
 56.260 11
 56.270 15
 56.280 16
 56.290 11
 56.300 16
 56.310 8
 56.320 12
 56.330 15
 56.340 15
 56.350 18
 56.360 19
 56.370 12
 56.380 23
 56.390 11
 56.400 9
 56.410 11
 56.420 13
 56.430 11
 56.440 9
 56.450 19
 56.460 5
 56.470 10
 56.480 18
 56.490 13
 56.500 15
 56.510 7
 56.520 14
 56.530 19
 56.540 12
 56.550 8
 56.560 16
 56.570 8
 56.580 10
 56.590 16
 56.600 8
 56.610 12
 56.620 12
 56.630 16
 56.640 13
 56.650 14
 56.660 13
 56.670 21
 56.680 16
 56.690 14
 56.700 8
 56.710 15
 56.720 9
 56.730 15
 56.740 16
 56.750 12
 56.760 11
 56.770 16
 56.780 10
 56.790 14
 56.800 10
 56.810 16
 56.820 17
 56.830 19
 56.840 10
 56.850 11
 56.860 19
 56.870 21
 56.880 14
 56.890 11
 56.900 12
 56.910 12
 56.920 17
 56.930 12
 56.940 18
 56.950 17
 56.960 14
 56.970 8
 56.980 8
 56.990 11
 57.000 16
 57.010 9
 57.020 14
 57.030 9
 57.040 12
 57.050 12
 57.060 15
 57.070 11
 57.080 6
 57.090 15
 57.100 20
 57.110 11
 57.120 15
 57.130 10
 57.140 15
 57.150 12
 57.160 7
 57.170 8
 57.180 10
 57.190 16
 57.200 10
 57.210 18
 57.220 16
 57.230 17
 57.240 15
 57.250 12
 57.260 17
 57.270 14
 57.280 13
 57.290 11
 57.300 19
 57.310 11
 57.320 18
 57.330 11
 57.340 17
 57.350 12
 57.360 16
 57.370 20
 57.380 12
 57.390 13
 57.400 14
 57.410 16
 57.420 13
 57.430 14
 57.440 10
 57.450 17
 57.460 12
 57.470 14
 57.480 17
 57.490 18
 57.500 13
 57.510 6
 57.520 20
 57.530 13
 57.540 13
 57.550 14
 57.560 17
 57.570 11
 57.580 17
 57.590 14
 57.600 22
 57.610 8
 57.620 10
 57.630 12
 57.640 11
 57.650 14
 57.660 9
 57.670 19
 57.680 8
 57.690 10
 57.700 17
 57.710 11
 57.720 8
 57.730 20
 57.740 7
 57.750 15
 57.760 13
 57.770 14
 57.780 9
 57.790 13
 57.800 13
 57.810 10
 57.820 8
 57.830 12
 57.840 16
 57.850 15
 57.860 17
 57.870 9
 57.880 10
 57.890 19
 57.900 10
 57.910 15
 57.920 16
 57.930 10
 57.940 15
 57.950 9
 57.960 11
 57.970 12
 57.980 12
 57.990 14
 58.000 12
 58.010 14
 58.020 9
 58.030 16
 58.040 15
 58.050 14
 58.060 10
 58.070 14
 58.080 15
 58.090 18
 58.100 5
 58.110 15
 58.120 20
 58.130 12
 58.140 12
 58.150 13
 58.160 9
 58.170 14
 58.180 12
 58.190 8
 58.200 12
 58.210 6
 58.220 16
 58.230 15
 58.240 20
 58.250 6
 58.260 16
 58.270 13
 58.280 9
 58.290 10
 58.300 17
 58.310 9
 58.320 12
 58.330 7
 58.340 14
 58.350 15
 58.360 11
 58.370 13
 58.380 11
 58.390 13
 58.400 10
 58.410 13
 58.420 15
 58.430 11
 58.440 11
 58.450 9
 58.460 11
 58.470 10
 58.480 11
 58.490 21
 58.500 15
 58.510 11
 58.520 20
 58.530 13
 58.540 13
 58.550 17
 58.560 10
 58.570 21
 58.580 20
 58.590 4
 58.600 15
 58.610 12
 58.620 11
 58.630 13
 58.640 8
 58.650 7
 58.660 15
 58.670 15
 58.680 15
 58.690 14
 58.700 12
 58.710 15
 58.720 11
 58.730 13
 58.740 14
 58.750 14
 58.760 16
 58.770 14
 58.780 11
 58.790 13
 58.800 18
 58.810 16
 58.820 8
 58.830 15
 58.840 15
 58.850 13
 58.860 16
 58.870 14
 58.880 12
 58.890 15
 58.900 16
 58.910 16
 58.920 11
 58.930 8
 58.940 17
 58.950 13
 58.960 13
 58.970 11
 58.980 14
 58.990 10
 59.000 18
 59.010 15
 59.020 8
 59.030 11
 59.040 21
 59.050 12
 59.060 17
 59.070 20
 59.080 13
 59.090 15
 59.100 16
 59.110 21
 59.120 15
 59.130 24
 59.140 18
 59.150 11
 59.160 16
 59.170 15
 59.180 18
 59.190 20
 59.200 13
 59.210 24
 59.220 19
 59.230 17
 59.240 14
 59.250 17
 59.260 14
 59.270 14
 59.280 14
 59.290 11
 59.300 11
 59.310 15
 59.320 13
 59.330 14
 59.340 21
 59.350 26
 59.360 13
 59.370 14
 59.380 12
 59.390 12
 59.400 14
 59.410 16
 59.420 22
 59.430 12
 59.440 16
 59.450 17
 59.460 13
 59.470 19
 59.480 13
 59.490 15
 59.500 17
 59.510 16
 59.520 10
 59.530 20
 59.540 15
 59.550 11
 59.560 9
 59.570 13
 59.580 12
 59.590 15
 59.600 14
 59.610 16
 59.620 17
 59.630 20
 59.640 9
 59.650 14
 59.660 23
 59.670 16
 59.680 18
 59.690 14
 59.700 12
 59.710 14
 59.720 17
 59.730 9
 59.740 14
 59.750 16
 59.760 17
 59.770 6
 59.780 13
 59.790 12
 59.800 9
 59.810 25
 59.820 12
 59.830 14
 59.840 18
 59.850 14
 59.860 11
 59.870 19
 59.880 11
 59.890 13
 59.900 9
 59.910 14
 59.920 16
 59.930 16
 59.940 16
 59.950 21
 59.960 15
 59.970 13
 59.980 10
 59.990 13
 60.000 12
 60.010 16
 60.020 17
 60.030 15
 60.040 20
 60.050 15
 60.060 13
 60.070 14
 60.080 15
 60.090 17
 60.100 21
 60.110 15
 60.120 13
 60.130 14
 60.140 11
 60.150 12
 60.160 10
 60.170 16
 60.180 9
 60.190 7
 60.200 14
 60.210 10
 60.220 13
 60.230 10
 60.240 11
 60.250 14
 60.260 11
 60.270 16
 60.280 19
 60.290 15
 60.300 16
 60.310 17
 60.320 13
 60.330 11
 60.340 17
 60.350 16
 60.360 15
 60.370 9
 60.380 7
 60.390 15
 60.400 13
 60.410 20
 60.420 12
 60.430 12
 60.440 19
 60.450 11
 60.460 17
 60.470 17
 60.480 12
 60.490 10
 60.500 11
 60.510 19
 60.520 14
 60.530 16
 60.540 11
 60.550 11
 60.560 16
 60.570 10
 60.580 13
 60.590 10
 60.600 12
 60.610 13
 60.620 11
 60.630 10
 60.640 11
 60.650 17
 60.660 15
 60.670 11
 60.680 15
 60.690 8
 60.700 15
 60.710 14
 60.720 12
 60.730 13
 60.740 5
 60.750 16
 60.760 10
 60.770 21
 60.780 15
 60.790 16
 60.800 15
 60.810 14
 60.820 10
 60.830 7
 60.840 10
 60.850 17
 60.860 10
 60.870 8
 60.880 13
 60.890 13
 60.900 18
 60.910 11
 60.920 17
 60.930 18
 60.940 12
 60.950 10
 60.960 12
 60.970 18
 60.980 16
 60.990 21
 61.000 22
 61.010 17
 61.020 13
 61.030 15
 61.040 9
 61.050 15
 61.060 23
 61.070 20
 61.080 16
 61.090 11
 61.100 12
 61.110 9
 61.120 12
 61.130 14
 61.140 16
 61.150 12
 61.160 16
 61.170 15
 61.180 13
 61.190 18
 61.200 13
 61.210 16
 61.220 20
 61.230 12
 61.240 15
 61.250 20
 61.260 20
 61.270 8
 61.280 14
 61.290 17
 61.300 16
 61.310 13
 61.320 17
 61.330 13
 61.340 17
 61.350 17
 61.360 15
 61.370 18
 61.380 18
 61.390 16
 61.400 15
 61.410 16
 61.420 8
 61.430 10
 61.440 20
 61.450 17
 61.460 13
 61.470 18
 61.480 23
 61.490 23
 61.500 11
 61.510 21
 61.520 19
 61.530 16
 61.540 22
 61.550 18
 61.560 18
 61.570 14
 61.580 19
 61.590 14
 61.600 16
 61.610 20
 61.620 15
 61.630 23
 61.640 19
 61.650 21
 61.660 25
 61.670 19
 61.680 28
 61.690 23
 61.700 12
 61.710 20
 61.720 20
 61.730 24
 61.740 19
 61.750 22
 61.760 19
 61.770 16
 61.780 20
 61.790 24
 61.800 25
 61.810 19
 61.820 27
 61.830 27
 61.840 19
 61.850 24
 61.860 13
 61.870 29
 61.880 29
 61.890 24
 61.900 27
 61.910 22
 61.920 25
 61.930 25
 61.940 25
 61.950 22
 61.960 18
 61.970 27
 61.980 34
 61.990 31
 62.000 37
 62.010 41
 62.020 27
 62.030 32
 62.040 32
 62.050 37
 62.060 28
 62.070 21
 62.080 28
 62.090 26
 62.100 48
 62.110 31
 62.120 38
 62.130 31
 62.140 40
 62.150 44
 62.160 38
 62.170 48
 62.180 37
 62.190 50
 62.200 48
 62.210 48
 62.220 38
 62.230 50
 62.240 53
 62.250 56
 62.260 66
 62.270 62
 62.280 71
 62.290 64
 62.300 64
 62.310 62
 62.320 71
 62.330 67
 62.340 66
 62.350 79
 62.360 81
 62.370 79
 62.380 98
 62.390 76
 62.400 85
 62.410 81
 62.420 100
 62.430 100
 62.440 98
 62.450 88
 62.460 106
 62.470 94
 62.480 119
 62.490 121
 62.500 112
 62.510 96
 62.520 108
 62.530 114
 62.540 112
 62.550 112
 62.560 114
 62.570 119
 62.580 117
 62.590 94
 62.600 96
 62.610 117
 62.620 123
 62.630 112
 62.640 108
 62.650 114
 62.660 114
 62.670 110
 62.680 104
 62.690 117
 62.700 106
 62.710 106
 62.720 98
 62.730 79
 62.740 79
 62.750 96
 62.760 81
 62.770 59
 62.780 79
 62.790 79
 62.800 59
 62.810 74
 62.820 71
 62.830 69
 62.840 77
 62.850 52
 62.860 66
 62.870 64
 62.880 46
 62.890 36
 62.900 49
 62.910 48
 62.920 50
 62.930 44
 62.940 44
 62.950 38
 62.960 38
 62.970 52
 62.980 42
 62.990 35
 63.000 31
 63.010 22
 63.020 35
 63.030 32
 63.040 30
 63.050 31
 63.060 27
 63.070 28
 63.080 24
 63.090 26
 63.100 28
 63.110 17
 63.120 22
 63.130 35
 63.140 19
 63.150 25
 63.160 23
 63.170 22
 63.180 17
 63.190 21
 63.200 19
 63.210 12
 63.220 15
 63.230 22
 63.240 20
 63.250 17
 63.260 19
 63.270 18
 63.280 17
 63.290 12
 63.300 8
 63.310 15
 63.320 17
 63.330 17
 63.340 20
 63.350 15
 63.360 20
 63.370 17
 63.380 13
 63.390 18
 63.400 18
 63.410 7
 63.420 14
 63.430 12
 63.440 17
 63.450 18
 63.460 13
 63.470 7
 63.480 11
 63.490 15
 63.500 11
 63.510 19
 63.520 10
 63.530 17
 63.540 10
 63.550 11
 63.560 8
 63.570 14
 63.580 9
 63.590 15
 63.600 10
 63.610 12
 63.620 12
 63.630 12
 63.640 13
 63.650 11
 63.660 7
 63.670 16
 63.680 7
 63.690 13
 63.700 8
 63.710 10
 63.720 13
 63.730 9
 63.740 12
 63.750 19
 63.760 7
 63.770 4
 63.780 10
 63.790 9
 63.800 15
 63.810 14
 63.820 12
 63.830 14
 63.840 8
 63.850 4
 63.860 10
 63.870 12
 63.880 10
 63.890 16
 63.900 9
 63.910 10
 63.920 7
 63.930 22
 63.940 6
 63.950 11
 63.960 10
 63.970 12
 63.980 8
 63.990 8
 64.000 14
 64.010 15
 64.020 11
 64.030 14
 64.040 12
 64.050 12
 64.060 8
 64.070 7
 64.080 12
 64.090 11
 64.100 7
 64.110 17
 64.120 18
 64.130 12
 64.140 11
 64.150 8
 64.160 15
 64.170 15
 64.180 19
 64.190 11
 64.200 8
 64.210 14
 64.220 7
 64.230 12
 64.240 15
 64.250 18
 64.260 9
 64.270 12
 64.280 6
 64.290 9
 64.300 13
 64.310 6
 64.320 6
 64.330 6
 64.340 5
 64.350 9
 64.360 9
 64.370 4
 64.380 10
 64.390 14
 64.400 7
 64.410 14
 64.420 15
 64.430 5
 64.440 6
 64.450 12
 64.460 9
 64.470 4
 64.480 5
 64.490 12
 64.500 8
 64.510 13
 64.520 10
 64.530 6
 64.540 14
 64.550 7
 64.560 12
 64.570 10
 64.580 17
 64.590 12
 64.600 8
 64.610 11
 64.620 6
 64.630 9
 64.640 12
 64.650 11
 64.660 5
 64.670 16
 64.680 10
 64.690 12
 64.700 11
 64.710 5
 64.720 11
 64.730 8
 64.740 17
 64.750 8
 64.760 5
 64.770 10
 64.780 11
 64.790 13
 64.800 4
 64.810 10
 64.820 10
 64.830 11
 64.840 16
 64.850 14
 64.860 8
 64.870 10
 64.880 9
 64.890 5
 64.900 7
 64.910 13
 64.920 10
 64.930 10
 64.940 9
 64.950 13
 64.960 12
 64.970 10
 64.980 9
 64.990 14
 65.000 16
 65.010 10
 65.020 9
 65.030 10
 65.040 13
 65.050 12
 65.060 16
 65.070 10
 65.080 8
 65.090 8
 65.100 6
 65.110 10
 65.120 12
 65.130 8
 65.140 11
 65.150 10
 65.160 13
 65.170 5
 65.180 12
 65.190 10
 65.200 12
 65.210 17
 65.220 9
 65.230 12
 65.240 14
 65.250 14
 65.260 9
 65.270 13
 65.280 11
 65.290 14
 65.300 13
 65.310 11
 65.320 8
 65.330 11
 65.340 9
 65.350 13
 65.360 10
 65.370 7
 65.380 5
 65.390 8
 65.400 10
 65.410 15
 65.420 12
 65.430 12
 65.440 9
 65.450 15
 65.460 17
 65.470 14
 65.480 10
 65.490 9
 65.500 16
 65.510 10
 65.520 12
 65.530 7
 65.540 13
 65.550 9
 65.560 10
 65.570 9
 65.580 11
 65.590 6
 65.600 12
 65.610 10
 65.620 16
 65.630 12
 65.640 7
 65.650 12
 65.660 9
 65.670 11
 65.680 13
 65.690 3
 65.700 12
 65.710 9
 65.720 13
 65.730 8
 65.740 8
 65.750 6
 65.760 9
 65.770 9
 65.780 6
 65.790 8
 65.800 11
 65.810 11
 65.820 9
 65.830 8
 65.840 10
 65.850 10
 65.860 9
 65.870 17
 65.880 12
 65.890 7
 65.900 7
 65.910 9
 65.920 9
 65.930 14
 65.940 7
 65.950 8
 65.960 10
 65.970 10
 65.980 9
 65.990 9
 66.000 10
 66.010 9
 66.020 13
 66.030 4
 66.040 11
 66.050 10
 66.060 9
 66.070 8
 66.080 13
 66.090 12
 66.100 11
 66.110 4
 66.120 11
 66.130 9
 66.140 7
 66.150 9
 66.160 7
 66.170 10
 66.180 9
 66.190 8
 66.200 7
 66.210 9
 66.220 9
 66.230 12
 66.240 12
 66.250 11
 66.260 10
 66.270 8
 66.280 10
 66.290 14
 66.300 12
 66.310 16
 66.320 13
 66.330 12
 66.340 9
 66.350 9
 66.360 11
 66.370 11
 66.380 7
 66.390 18
 66.400 4
 66.410 14
 66.420 10
 66.430 9
 66.440 9
 66.450 7
 66.460 18
 66.470 11
 66.480 10
 66.490 10
 66.500 13
 66.510 12
 66.520 14
 66.530 11
 66.540 13
 66.550 5
 66.560 11
 66.570 11
 66.580 14
 66.590 14
 66.600 5
 66.610 15
 66.620 12
 66.630 5
 66.640 15
 66.650 8
 66.660 12
 66.670 8
 66.680 9
 66.690 14
 66.700 13
 66.710 12
 66.720 16
 66.730 13
 66.740 13
 66.750 7
 66.760 9
 66.770 8
 66.780 15
 66.790 12
 66.800 12
 66.810 15
 66.820 16
 66.830 7
 66.840 8
 66.850 11
 66.860 7
 66.870 5
 66.880 13
 66.890 12
 66.900 11
 66.910 11
 66.920 6
 66.930 14
 66.940 8
 66.950 11
 66.960 16
 66.970 7
 66.980 12
 66.990 10
 67.000 9
 67.010 7
 67.020 9
 67.030 12
 67.040 10
 67.050 11
 67.060 11
 67.070 11
 67.080 9
 67.090 10
 67.100 15
 67.110 13
 67.120 10
 67.130 18
 67.140 15
 67.150 12
 67.160 9
 67.170 10
 67.180 10
 67.190 12
 67.200 9
 67.210 8
 67.220 11
 67.230 9
 67.240 9
 67.250 8
 67.260 10
 67.270 3
 67.280 14
 67.290 12
 67.300 10
 67.310 11
 67.320 10
 67.330 9
 67.340 8
 67.350 12
 67.360 19
 67.370 5
 67.380 8
 67.390 7
 67.400 10
 67.410 13
 67.420 3
 67.430 14
 67.440 8
 67.450 11
 67.460 7
 67.470 15
 67.480 9
 67.490 7
 67.500 7
 67.510 9
 67.520 12
 67.530 12
 67.540 12
 67.550 6
 67.560 10
 67.570 12
 67.580 7
 67.590 9
 67.600 12
 67.610 12
 67.620 7
 67.630 10
 67.640 10
 67.650 13
 67.660 16
 67.670 8
 67.680 10
 67.690 9
 67.700 5
 67.710 6
 67.720 8
 67.730 10
 67.740 14
 67.750 14
 67.760 13
 67.770 10
 67.780 8
 67.790 14
 67.800 13
 67.810 10
 67.820 14
 67.830 11
 67.840 5
 67.850 9
 67.860 16
 67.870 9
 67.880 8
 67.890 12
 67.900 8
 67.910 10
 67.920 9
 67.930 8
 67.940 8
 67.950 14
 67.960 10
 67.970 13
 67.980 12
 67.990 3
 68.000 12
 68.010 10
 68.020 10
 68.030 13
 68.040 13
 68.050 10
 68.060 12
 68.070 6
 68.080 15
 68.090 6
 68.100 13
 68.110 7
 68.120 5
 68.130 13
 68.140 9
 68.150 11
 68.160 12
 68.170 7
 68.180 8
 68.190 7
 68.200 9
 68.210 10
 68.220 10
 68.230 17
 68.240 13
 68.250 11
 68.260 10
 68.270 11
 68.280 17
 68.290 13
 68.300 13
 68.310 8
 68.320 15
 68.330 11
 68.340 17
 68.350 9
 68.360 12
 68.370 11
 68.380 7
 68.390 11
 68.400 7
 68.410 12
 68.420 12
 68.430 10
 68.440 7
 68.450 17
 68.460 14
 68.470 11
 68.480 17
 68.490 13
 68.500 15
 68.510 9
 68.520 16
 68.530 14
 68.540 10
 68.550 12
 68.560 13
 68.570 9
 68.580 10
 68.590 12
 68.600 8
 68.610 10
 68.620 10
 68.630 14
 68.640 11
 68.650 6
 68.660 15
 68.670 10
 68.680 13
 68.690 15
 68.700 16
 68.710 13
 68.720 19
 68.730 14
 68.740 8
 68.750 11
 68.760 14
 68.770 18
 68.780 4
 68.790 7
 68.800 15
 68.810 14
 68.820 11
 68.830 17
 68.840 10
 68.850 8
 68.860 19
 68.870 13
 68.880 13
 68.890 8
 68.900 8
 68.910 8
 68.920 19
 68.930 13
 68.940 12
 68.950 16
 68.960 4
 68.970 13
 68.980 9
 68.990 7
 69.000 16
 69.010 12
 69.020 20
 69.030 10
 69.040 8
 69.050 6
 69.060 15
 69.070 6
 69.080 9
 69.090 15
 69.100 9
 69.110 6
 69.120 16
 69.130 6
 69.140 10
 69.150 17
 69.160 11
 69.170 6
 69.180 12
 69.190 11
 69.200 10
 69.210 14
 69.220 16
 69.230 10
 69.240 10
 69.250 10
 69.260 12
 69.270 3
 69.280 7
 69.290 12
 69.300 9
 69.310 14
 69.320 12
 69.330 15
 69.340 16
 69.350 13
 69.360 13
 69.370 16
 69.380 19
 69.390 15
 69.400 8
 69.410 10
 69.420 14
 69.430 11
 69.440 11
 69.450 18
 69.460 21
 69.470 12
 69.480 11
 69.490 20
 69.500 10
 69.510 19
 69.520 12
 69.530 8
 69.540 10
 69.550 14
 69.560 12
 69.570 11
 69.580 14
 69.590 14
 69.600 10
 69.610 14
 69.620 13
 69.630 15
 69.640 13
 69.650 12
 69.660 11
 69.670 9
 69.680 13
 69.690 16
 69.700 13
 69.710 9
 69.720 18
 69.730 12
 69.740 18
 69.750 15
 69.760 10
 69.770 22
 69.780 10
 69.790 10
 69.800 18
 69.810 13
 69.820 11
 69.830 13
 69.840 16
 69.850 12
 69.860 15
 69.870 16
 69.880 15
 69.890 15
 69.900 12
 69.910 19
 69.920 14
 69.930 13
 69.940 6
 69.950 13
 69.960 20
 69.970 11
 69.980 13
 69.990 19
 70.000 14
 70.010 12
 70.020 16
 70.030 25
 70.040 13
 70.050 13
 70.060 4
 70.070 12
 70.080 15
 70.090 12
 70.100 12
 70.110 16
 70.120 18
 70.130 27
 70.140 24
 70.150 21
 70.160 19
 70.170 21
 70.180 19
 70.190 16
 70.200 21
 70.210 21
 70.220 16
 70.230 12
 70.240 23
 70.250 27
 70.260 18
 70.270 22
 70.280 11
 70.290 18
 70.300 16
 70.310 24
 70.320 22
 70.330 25
 70.340 24
 70.350 25
 70.360 30
 70.370 24
 70.380 18
 70.390 27
 70.400 23
 70.410 31
 70.420 21
 70.430 25
 70.440 25
 70.450 36
 70.460 27
 70.470 30
 70.480 23
 70.490 36
 70.500 28
 70.510 37
 70.520 29
 70.530 32
 70.540 21
 70.550 32
 70.560 27
 70.570 30
 70.580 23
 70.590 24
 70.600 28
 70.610 40
 70.620 37
 70.630 42
 70.640 35
 70.650 38
 70.660 46
 70.670 42
 70.680 44
 70.690 56
 70.700 41
 70.710 48
 70.720 38
 70.730 48
 70.740 56
 70.750 44
 70.760 48
 70.770 50
 70.780 55
 70.790 66
 70.800 71
 70.810 59
 70.820 90
 70.830 67
 70.840 64
 70.850 61
 70.860 69
 70.870 62
 70.880 69
 70.890 79
 70.900 77
 70.910 96
 70.920 77
 70.930 96
 70.940 86
 70.950 83
 70.960 90
 70.970 77
 70.980 85
 70.990 77
 71.000 88
 71.010 88
 71.020 98
 71.030 85
 71.040 100
 71.050 88
 71.060 86
 71.070 67
 71.080 83
 71.090 88
 71.100 67
 71.110 88
 71.120 92
 71.130 66
 71.140 66
 71.150 77
 71.160 81
 71.170 71
 71.180 79
 71.190 66
 71.200 66
 71.210 62
 71.220 71
 71.230 53
 71.240 50
 71.250 53
 71.260 56
 71.270 59
 71.280 62
 71.290 48
 71.300 49
 71.310 53
 71.320 52
 71.330 48
 71.340 52
 71.350 38
 71.360 44
 71.370 45
 71.380 49
 71.390 32
 71.400 25
 71.410 37
 71.420 32
 71.430 36
 71.440 21
 71.450 25
 71.460 26
 71.470 22
 71.480 24
 71.490 30
 71.500 21
 71.510 23
 71.520 19
 71.530 19
 71.540 21
 71.550 20
 71.560 26
 71.570 16
 71.580 23
 71.590 31
 71.600 23
 71.610 19
 71.620 22
 71.630 21
 71.640 25
 71.650 20
 71.660 25
 71.670 12
 71.680 16
 71.690 15
 71.700 20
 71.710 13
 71.720 18
 71.730 8
 71.740 15
 71.750 16
 71.760 13
 71.770 17
 71.780 17
 71.790 11
 71.800 19
 71.810 18
 71.820 11
 71.830 14
 71.840 19
 71.850 8
 71.860 18
 71.870 13
 71.880 10
 71.890 15
 71.900 14
 71.910 10
 71.920 13
 71.930 9
 71.940 15
 71.950 18
 71.960 14
 71.970 16
 71.980 19
 71.990 10
 72.000 12
 72.010 16
 72.020 17
 72.030 9
 72.040 8
 72.050 10
 72.060 11
 72.070 12
 72.080 11
 72.090 13
 72.100 14
 72.110 15
 72.120 10
 72.130 11
 72.140 6
 72.150 15
 72.160 8
 72.170 11
 72.180 14
 72.190 11
 72.200 11
 72.210 15
 72.220 7
 72.230 13
 72.240 14
 72.250 13
 72.260 10
 72.270 6
 72.280 13
 72.290 10
 72.300 6
 72.310 9
 72.320 13
 72.330 15
 72.340 8
 72.350 8
 72.360 12
 72.370 5
 72.380 14
 72.390 7
 72.400 18
 72.410 11
 72.420 10
 72.430 7
 72.440 13
 72.450 7
 72.460 11
 72.470 7
 72.480 10
 72.490 11
 72.500 11
 72.510 13
 72.520 13
 72.530 12
 72.540 10
 72.550 12
 72.560 12
 72.570 10
 72.580 13
 72.590 10
 72.600 12
 72.610 8
 72.620 9
 72.630 14
 72.640 22
 72.650 4
 72.660 10
 72.670 14
 72.680 6
 72.690 9
 72.700 12
 72.710 15
 72.720 13
 72.730 9
 72.740 4
 72.750 10
 72.760 5
 72.770 7
 72.780 3
 72.790 13
 72.800 9
 72.810 8
 72.820 11
 72.830 14
 72.840 6
 72.850 10
 72.860 14
 72.870 13
 72.880 13
 72.890 8
 72.900 3
 72.910 18
 72.920 9
 72.930 8
 72.940 9
 72.950 12
 72.960 5
 72.970 10
 72.980 10
 72.990 9
 73.000 11
 73.010 14
 73.020 9
 73.030 17
 73.040 6
 73.050 3
 73.060 15
 73.070 9
 73.080 9
 73.090 9
 73.100 13
 73.110 11
 73.120 14
 73.130 9
 73.140 5
 73.150 5
 73.160 11
 73.170 10
 73.180 9
 73.190 10
 73.200 12
 73.210 17
 73.220 10
 73.230 8
 73.240 9
 73.250 11
 73.260 8
 73.270 11
 73.280 6
 73.290 8
 73.300 15
 73.310 7
 73.320 13
 73.330 11
 73.340 11
 73.350 12
 73.360 8
 73.370 17
 73.380 9
 73.390 3
 73.400 12
 73.410 14
 73.420 8
 73.430 11
 73.440 17
 73.450 7
 73.460 10
 73.470 8
 73.480 11
 73.490 9
 73.500 6
 73.510 12
 73.520 6
 73.530 10
 73.540 9
 73.550 13
 73.560 12
 73.570 12
 73.580 9
 73.590 9
 73.600 12
 73.610 12
 73.620 10
 73.630 9
 73.640 10
 73.650 12
 73.660 12
 73.670 8
 73.680 8
 73.690 10
 73.700 8
 73.710 13
 73.720 13
 73.730 12
 73.740 14
 73.750 10
 73.760 7
 73.770 14
 73.780 12
 73.790 13
 73.800 9
 73.810 10
 73.820 9
 73.830 7
 73.840 8
 73.850 10
 73.860 10
 73.870 7
 73.880 8
 73.890 11
 73.900 8
 73.910 3
 73.920 9
 73.930 7
 73.940 15
 73.950 11
 73.960 9
 73.970 13
 73.980 6
 73.990 9
 74.000 9
 74.010 15
 74.020 8
 74.030 15
 74.040 19
 74.050 9
 74.060 8
 74.070 7
 74.080 8
 74.090 15
 74.100 9
 74.110 11
 74.120 11
 74.130 8
 74.140 10
 74.150 12
 74.160 7
 74.170 3
 74.180 10
 74.190 11
 74.200 11
 74.210 7
 74.220 17
 74.230 13
 74.240 10
 74.250 12
 74.260 9
 74.270 5
 74.280 8
 74.290 13
 74.300 6
 74.310 9
 74.320 9
 74.330 13
 74.340 14
 74.350 11
 74.360 10
 74.370 14
 74.380 12
 74.390 9
 74.400 7
 74.410 6
 74.420 9
 74.430 7
 74.440 9
 74.450 7
 74.460 11
 74.470 13
 74.480 9
 74.490 11
 74.500 12
 74.510 12
 74.520 9
 74.530 5
 74.540 12
 74.550 15
 74.560 13
 74.570 14
 74.580 11
 74.590 8
 74.600 9
 74.610 10
 74.620 14
 74.630 14
 74.640 7
 74.650 13
 74.660 5
 74.670 16
 74.680 6
 74.690 16
 74.700 6
 74.710 16
 74.720 7
 74.730 9
 74.740 15
 74.750 17
 74.760 13
 74.770 15
 74.780 10
 74.790 8
 74.800 11
 74.810 14
 74.820 11
 74.830 8
 74.840 10
 74.850 20
 74.860 12
 74.870 19
 74.880 8
 74.890 11
 74.900 11
 74.910 17
 74.920 13
 74.930 17
 74.940 12
 74.950 13
 74.960 9
 74.970 22
 74.980 8
 74.990 12
 75.000 0
